[gd_scene load_steps=2 format=2]

[ext_resource path="res://WeaponScenes/TwoHanded/Swords/greatsword0.tscn" type="PackedScene" id=1]

[node name="weaponbatch" type="Spatial"]

[node name="Armature" type="Spatial" parent="."]
transform = Transform( 0.01, 0, 0, 0, 0, -0.01, 0, 0.01, 0, 0, 0, 0 )

[node name="Skeleton" type="Skeleton" parent="Armature"]
bones/0/name = "mixamorig_hips"
bones/0/parent = -1
bones/0/rest = Transform( 1, 0, 0, 0, 0, 1, 0, -1, 0, 0, -6.80413, -90.0707 )
bones/0/enabled = true
bones/0/bound_children = [  ]
bones/1/name = "mixamorig_spine"
bones/1/parent = 0
bones/1/rest = Transform( 1, 0, 0, 0, 0.998981, 0.045131, 0, -0.045131, 0.998981, 0, 7.82171, -0.353362 )
bones/1/enabled = true
bones/1/bound_children = [  ]
bones/2/name = "mixamorig_spine_1"
bones/2/parent = 1
bones/2/rest = Transform( 1, 0, 0, 0, 1, -2.42144e-08, 0, 2.42144e-08, 1, 0, 9.13462, 4.76837e-07 )
bones/2/enabled = true
bones/2/bound_children = [  ]
bones/3/name = "mixamorig_spine_2"
bones/3/parent = 2
bones/3/rest = Transform( 1, 0, 0, 0, 1, -1.67638e-08, 0, 1.67638e-08, 1, 0, 10.4396, -2.38419e-07 )
bones/3/enabled = true
bones/3/bound_children = [  ]
bones/4/name = "mixamorig_neck"
bones/4/parent = 3
bones/4/rest = Transform( 1, 0, 0, 0, 0.998981, -0.045131, 0, 0.045131, 0.998981, 0, 11.7445, 2.38419e-07 )
bones/4/enabled = true
bones/4/bound_children = [  ]
bones/5/name = "mixamorig_head"
bones/5/parent = 4
bones/5/rest = Transform( 1, 0, 0, 0, 1, 0, 0, 0, 1, 0, 4.722, -0.11628 )
bones/5/enabled = true
bones/5/bound_children = [  ]
bones/6/name = "mixamorig_left_shoulder"
bones/6/parent = 3
bones/6/rest = Transform( -0.0114777, 0.955257, -0.295553, -2.82824e-05, -0.295573, -0.95532, -0.999934, -0.0109565, 0.00341952, 4.31437, 10.4019, -0.0498178 )
bones/6/enabled = true
bones/6/bound_children = [  ]
bones/7/name = "mixamorig_left_arm"
bones/7/parent = 6
bones/7/rest = Transform( 0.998838, -0.047135, -0.0100776, 0.0482003, 0.976762, 0.208835, -1.39698e-08, -0.209078, 0.977899, -8.9407e-08, 9.04341, 1.66893e-05 )
bones/7/enabled = true
bones/7/bound_children = [  ]
bones/8/name = "mixamorig_left_fore_arm"
bones/8/parent = 7
bones/8/rest = Transform( 0.998706, 0.0507524, 0.00328809, -0.0508588, 0.996616, 0.0645687, 4.78467e-08, -0.0646524, 0.997908, 7.15256e-07, 20.0201, -9.23872e-07 )
bones/8/enabled = true
bones/8/bound_children = [  ]
bones/9/name = "mixamorig_left_hand"
bones/9/parent = 8
bones/9/rest = Transform( 0.991096, 0.0573079, 0.120184, -0.0760836, 0.984508, 0.157976, -0.109268, -0.165713, 0.980102, -1.19209e-06, 21.1514, 2.5034e-06 )
bones/9/enabled = true
bones/9/bound_children = [  ]
bones/10/name = "mixamorig_left_hand_thumb_1"
bones/10/parent = 9
bones/10/rest = Transform( 0.676866, -0.645795, 0.353272, 0.736106, 0.593822, -0.324843, 1.80304e-06, 0.479921, 0.877312, -2.50942, 1.59073, 1.59948 )
bones/10/enabled = true
bones/10/bound_children = [  ]
bones/11/name = "mixamorig_left_hand_thumb_2"
bones/11/parent = 10
bones/11/rest = Transform( 1, 3.9774e-07, -2.01264e-07, -4.36725e-07, 0.964637, -0.263583, 8.93089e-08, 0.263583, 0.964637, 2.6226e-06, 2.69945, -1.04904e-05 )
bones/11/enabled = true
bones/11/bound_children = [  ]
bones/12/name = "mixamorig_left_hand_thumb_3"
bones/12/parent = 11
bones/12/rest = Transform( 1, 1.88999e-07, 1.06289e-07, -1.98431e-07, 0.995271, 0.0971413, -8.74264e-08, -0.0971413, 0.99527, 1.90735e-06, 3.1, 2.26498e-06 )
bones/12/enabled = true
bones/12/bound_children = [  ]
bones/13/name = "mixamorig_left_hand_index_1"
bones/13/parent = 9
bones/13/rest = Transform( 0.996928, -0.0783053, 0.00155569, 0.0783208, 0.996731, -0.0198048, 2.12225e-07, 0.0198658, 0.999803, -3.226, 7.76458, 0.0205792 )
bones/13/enabled = true
bones/13/bound_children = [  ]
bones/14/name = "mixamorig_left_hand_index_2"
bones/14/parent = 13
bones/14/rest = Transform( 1, 1.70509e-08, -3.93445e-08, -1.95035e-08, 0.998001, -0.0632017, 3.81882e-08, 0.0632018, 0.998001, -9.53674e-07, 3.8487, 5.96046e-06 )
bones/14/enabled = true
bones/14/bound_children = [  ]
bones/15/name = "mixamorig_left_hand_index_3"
bones/15/parent = 14
bones/15/rest = Transform( 1, -6.97644e-08, 2.45059e-07, 5.71283e-08, 0.998689, 0.05119, -2.48309e-07, -0.05119, 0.998689, -7.7486e-07, 3.50864, 1.46031e-06 )
bones/15/enabled = true
bones/15/bound_children = [  ]
bones/16/name = "mixamorig_left_hand_middle_1"
bones/16/parent = 9
bones/16/rest = Transform( 0.998049, -0.0623024, 0.00402025, 0.062432, 0.995977, -0.0642765, 4.97326e-07, 0.0644021, 0.997924, -0.95983, 7.8972, -0.196633 )
bones/16/enabled = true
bones/16/bound_children = [  ]
bones/17/name = "mixamorig_left_hand_middle_2"
bones/17/parent = 16
bones/17/rest = Transform( 1, -1.01014e-07, 5.04249e-07, 1.10396e-07, 0.999826, -0.0186393, -5.02278e-07, 0.0186393, 0.999826, 0, 4.08099, 1.01328e-06 )
bones/17/enabled = true
bones/17/bound_children = [  ]
bones/18/name = "mixamorig_left_hand_middle_3"
bones/18/parent = 17
bones/18/rest = Transform( 1, 3.03524e-08, 1.13531e-07, -3.18134e-08, 0.999917, 0.0128915, -1.1313e-07, -0.0128915, 0.999917, 1.43051e-06, 3.84602, -6.85453e-06 )
bones/18/enabled = true
bones/18/bound_children = [  ]
bones/19/name = "mixamorig_left_hand_ring_1"
bones/19/parent = 9
bones/19/rest = Transform( 0.995575, -0.0937792, 0.00601573, 0.093972, 0.993533, -0.0637356, 2.51457e-07, 0.0640189, 0.997949, 1.19422, 8.6157, -0.0723495 )
bones/19/enabled = true
bones/19/bound_children = [  ]
bones/20/name = "mixamorig_left_hand_ring_2"
bones/20/parent = 19
bones/20/rest = Transform( 1, -6.84536e-11, 4.18206e-08, 2.14344e-09, 0.998768, -0.0496184, -4.17656e-08, 0.0496184, 0.998768, 8.9407e-08, 3.51048, -4.88758e-06 )
bones/20/enabled = true
bones/20/bound_children = [  ]
bones/21/name = "mixamorig_left_hand_ring_3"
bones/21/parent = 20
bones/21/rest = Transform( 1, -4.86952e-08, -2.19287e-08, 4.99086e-08, 0.998244, 0.0592336, 1.90058e-08, -0.0592336, 0.998244, 1.16229e-06, 3.23487, 1.46031e-05 )
bones/21/enabled = true
bones/21/bound_children = [  ]
bones/22/name = "mixamorig_left_hand_pinky_1"
bones/22/parent = 9
bones/22/rest = Transform( 0.996671, -0.0810774, 0.00854222, 0.0815261, 0.991185, -0.10443, -2.79397e-08, 0.104779, 0.994496, 2.99162, 8.55682, -0.121316 )
bones/22/enabled = true
bones/22/bound_children = [  ]
bones/23/name = "mixamorig_left_hand_pinky_2"
bones/23/parent = 22
bones/23/rest = Transform( 1, 2.06259e-07, -3.65122e-07, -2.2832e-07, 0.998108, -0.0614902, 3.51749e-07, 0.0614902, 0.998107, 3.15905e-06, 2.87641, -4.70877e-06 )
bones/23/enabled = true
bones/23/bound_children = [  ]
bones/24/name = "mixamorig_left_hand_pinky_3"
bones/24/parent = 23
bones/24/rest = Transform( 1, -1.45477e-07, 1.58113e-07, 1.32988e-07, 0.997084, 0.0763072, -1.68753e-07, -0.0763072, 0.997084, -1.90735e-06, 2.33072, -8.58307e-06 )
bones/24/enabled = true
bones/24/bound_children = [  ]
bones/25/name = "grip_l"
bones/25/parent = 9
bones/25/rest = Transform( -0.0892825, -0.994393, -0.0566659, 0.987271, -0.0808375, -0.136973, 0.131625, -0.0681739, 0.988953, 0.741133, 7.41091, 3.2628 )
bones/25/enabled = true
bones/25/bound_children = [  ]
bones/26/name = "mixamorig_right_shoulder"
bones/26/parent = 3
bones/26/rest = Transform( -0.0164841, -0.955257, 0.295316, 3.0309e-05, -0.295357, -0.955387, 0.999864, -0.0157398, 0.00489765, -4.31437, 10.4029, -0.0714471 )
bones/26/enabled = true
bones/26/bound_children = [  ]
bones/27/name = "mixamorig_right_arm"
bones/27/parent = 26
bones/27/rest = Transform( 0.998475, 0.0539854, 0.0115191, -0.0552007, 0.976493, 0.208359, 4.61005e-08, -0.208677, 0.977985, 1.04308e-07, 9.04342, 1.07884e-05 )
bones/27/enabled = true
bones/27/bound_children = [  ]
bones/28/name = "mixamorig_right_fore_arm"
bones/28/parent = 27
bones/28/rest = Transform( 0.998838, -0.0480946, -0.00311333, 0.0481952, 0.996751, 0.0645308, -3.68105e-07, -0.0646059, 0.997911, -3.57628e-07, 20.0216, -1.88351e-05 )
bones/28/enabled = true
bones/28/bound_children = [  ]
bones/29/name = "mixamorig_right_hand"
bones/29/parent = 28
bones/29/rest = Transform( 0.989789, -0.065868, -0.126406, 0.0860592, 0.983099, 0.161589, 0.113626, -0.170817, 0.978729, 1.90735e-06, 21.1502, 6.97374e-06 )
bones/29/enabled = true
bones/29/bound_children = [  ]
bones/30/name = "mixamorig_right_hand_thumb_1"
bones/30/parent = 29
bones/30/rest = Transform( 0.659513, 0.650012, -0.377526, -0.751693, 0.570302, -0.33123, 1.19209e-07, 0.502235, 0.864731, 2.64318, 1.61774, 1.77365 )
bones/30/enabled = true
bones/30/bound_children = [  ]
bones/31/name = "mixamorig_right_hand_thumb_2"
bones/31/parent = 30
bones/31/rest = Transform( 1, 1.70796e-07, 4.25595e-07, -6.76227e-08, 0.972831, -0.231518, -4.53574e-07, 0.231518, 0.972831, 0.421742, 2.82518, 8.34465e-07 )
bones/31/enabled = true
bones/31/bound_children = [  ]
bones/32/name = "mixamorig_right_hand_thumb_3"
bones/32/parent = 31
bones/32/rest = Transform( 1, -5.82318e-07, 8.23893e-07, 4.75664e-07, 0.992283, 0.123997, -8.8974e-07, -0.123997, 0.992282, 0.0679802, 3.06628, 1.39475e-05 )
bones/32/enabled = true
bones/32/bound_children = [  ]
bones/33/name = "mixamorig_right_hand_index_1"
bones/33/parent = 29
bones/33/rest = Transform( 0.995703, 0.092558, -0.0028035, -0.0926004, 0.995247, -0.0301475, -2.24332e-07, 0.0302776, 0.999542, 3.17472, 7.75074, 0.0317684 )
bones/33/enabled = true
bones/33/bound_children = [  ]
bones/34/name = "mixamorig_right_hand_index_2"
bones/34/parent = 33
bones/34/rest = Transform( 1, -5.45399e-08, 1.66748e-07, 6.3447e-08, 0.998547, -0.0538918, -1.63566e-07, 0.0538918, 0.998547, -0.000867978, 3.80357, 2.44379e-06 )
bones/34/enabled = true
bones/34/bound_children = [  ]
bones/35/name = "mixamorig_right_hand_index_3"
bones/35/parent = 34
bones/35/rest = Transform( 1, 3.53747e-08, -7.79779e-08, -2.9003e-08, 0.996775, 0.0802488, 8.05652e-08, -0.0802488, 0.996775, 0.00487319, 3.50976, 4.20213e-06 )
bones/35/enabled = true
bones/35/bound_children = [  ]
bones/36/name = "mixamorig_right_hand_middle_1"
bones/36/parent = 29
bones/36/rest = Transform( 0.996817, 0.079424, -0.00684731, -0.0797186, 0.993133, -0.0856232, -2.47965e-07, 0.0858965, 0.996304, 0.897932, 7.96061, -0.259656 )
bones/36/enabled = true
bones/36/bound_children = [  ]
bones/37/name = "mixamorig_right_hand_middle_2"
bones/37/parent = 36
bones/37/rest = Transform( 1, 7.01258e-08, 2.22125e-07, -6.77099e-08, 0.999941, -0.0108578, -2.22873e-07, 0.0108578, 0.999941, 0.00268102, 4.11375, 2.74181e-06 )
bones/37/enabled = true
bones/37/bound_children = [  ]
bones/38/name = "mixamorig_right_hand_middle_3"
bones/38/parent = 37
bones/38/rest = Transform( 1, -3.22152e-08, -1.37813e-07, 4.39204e-08, 0.996313, 0.0857976, 1.34541e-07, -0.0857976, 0.996312, 0.00373983, 3.86243, -3.57628e-07 )
bones/38/enabled = true
bones/38/bound_children = [  ]
bones/39/name = "mixamorig_right_hand_ring_1"
bones/39/parent = 29
bones/39/rest = Transform( 0.996095, 0.0878646, -0.00866606, -0.0882909, 0.991284, -0.0977754, -4.6799e-07, 0.0981587, 0.995171, -1.19579, 8.60032, -0.136207 )
bones/39/enabled = true
bones/39/bound_children = [  ]
bones/40/name = "mixamorig_right_hand_ring_2"
bones/40/parent = 39
bones/40/rest = Transform( 1, 3.84657e-07, -1.54192e-07, -3.87643e-07, 0.999803, -0.0198569, 1.46523e-07, 0.0198569, 0.999803, 0.00146618, 3.55124, -2.68221e-06 )
bones/40/enabled = true
bones/40/bound_children = [  ]
bones/41/name = "mixamorig_right_hand_ring_3"
bones/41/parent = 40
bones/41/rest = Transform( 1, -1.37526e-07, -1.6173e-08, 1.38378e-07, 0.996819, 0.0797047, 5.16008e-09, -0.0797047, 0.996819, 0.00346899, 3.2811, -7.56979e-06 )
bones/41/enabled = true
bones/41/bound_children = [  ]
bones/42/name = "mixamorig_right_hand_pinky_1"
bones/42/parent = 29
bones/42/rest = Transform( 0.999161, 0.0404586, -0.00633499, -0.0409516, 0.987133, -0.154569, -1.5879e-07, 0.154699, 0.987962, -2.87686, 8.4115, -0.170915 )
bones/42/enabled = true
bones/42/bound_children = [  ]
bones/43/name = "mixamorig_right_hand_pinky_2"
bones/43/parent = 42
bones/43/rest = Transform( 1, -1.0592e-07, 2.49237e-07, 1.03802e-07, 0.999964, 0.00848077, -2.50126e-07, -0.00848077, 0.999964, 0.000923872, 2.96618, 6.73532e-06 )
bones/43/enabled = true
bones/43/bound_children = [  ]
bones/44/name = "mixamorig_right_hand_pinky_3"
bones/44/parent = 43
bones/44/rest = Transform( 1, -2.2765e-07, 1.81603e-07, 2.25206e-07, 0.999911, 0.0133446, -1.84625e-07, -0.0133446, 0.999911, 5.24521e-05, 2.38408, -1.06096e-05 )
bones/44/enabled = true
bones/44/bound_children = [  ]
bones/45/name = "grip_r"
bones/45/parent = 29
bones/45/rest = Transform( -0.0947988, 0.993743, 0.0590602, -0.986229, -0.0856748, -0.141462, -0.135517, -0.0716573, 0.98818, -0.758092, 7.40637, 3.30121 )
bones/45/enabled = true
bones/45/bound_children = [  ]
bones/46/name = "back_l"
bones/46/parent = 2
bones/46/rest = Transform( 0.728712, -0.684802, -0.00485676, 0.684802, 0.728626, 0.01226, -0.00485695, -0.01226, 0.999913, -2.09032, 8.19409, -7.73252 )
bones/46/enabled = true
bones/46/bound_children = [  ]
bones/47/name = "back_r"
bones/47/parent = 2
bones/47/rest = Transform( 0.728712, 0.684802, 0.00485676, -0.684802, 0.728626, 0.01226, 0.00485695, -0.01226, 0.999913, 2.09032, 8.19409, -7.73252 )
bones/47/enabled = true
bones/47/bound_children = [  ]
bones/48/name = "mixamorig_left_up_leg"
bones/48/parent = 0
bones/48/rest = Transform( -0.998491, 0.0549626, 1.19064e-07, -0.0549626, -0.998487, -0.00165392, -9.07852e-05, -0.00165143, 0.999999, 8.55201, -4.34383, 0.555394 )
bones/48/enabled = true
bones/48/bound_children = [  ]
bones/49/name = "mixamorig_left_leg"
bones/49/parent = 48
bones/49/rest = Transform( 0.997091, -0.0760765, -0.00475828, 0.0762252, 0.995144, 0.0622779, -2.71108e-06, -0.0624594, 0.998047, -1.93715e-07, 41.0002, -4.486e-07 )
bones/49/enabled = true
bones/49/bound_children = [  ]
bones/50/name = "mixamorig_left_foot"
bones/50/parent = 49
bones/50/rest = Transform( 0.987208, 0.137632, 0.0804905, 1.93715e-07, 0.504829, -0.86322, -0.159441, 0.852177, 0.498371, 3.01492e-06, 37.5628, 1.46031e-06 )
bones/50/enabled = true
bones/50/bound_children = [  ]
bones/51/name = "mixamorig_left_toe_base"
bones/51/parent = 50
bones/51/rest = Transform( 0.996391, -0.0472154, -0.0705321, -1.56462e-07, 0.830993, -0.556283, 0.0848768, 0.554276, 0.827994, -3.12924e-07, 12.5909, -3.57628e-07 )
bones/51/enabled = true
bones/51/bound_children = [  ]
bones/52/name = "mixamorig_left_toe_end"
bones/52/parent = 51
bones/52/rest = Transform( 1, -2.36614e-08, 2.09548e-07, 2.36614e-08, 1, -3.25963e-08, -2.09548e-07, 3.25963e-08, 1, 2.17743e-06, 4.91019, 5.58794e-07 )
bones/52/enabled = true
bones/52/bound_children = [  ]
bones/53/name = "mixamorig_right_up_leg"
bones/53/parent = 0
bones/53/rest = Transform( -0.99849, -0.054962, 3.63696e-07, 0.0549615, -0.998477, 0.00477729, -0.000262207, 0.00477009, 0.999988, -8.55201, -4.34383, 0.329067 )
bones/53/enabled = true
bones/53/bound_children = [  ]
bones/54/name = "mixamorig_right_leg"
bones/54/parent = 53
bones/54/rest = Transform( 0.997086, 0.0760714, 0.00570301, -0.0762849, 0.9943, 0.0744881, -4.08082e-06, -0.0747062, 0.997206, -6.70785e-07, 41.0006, -7.10452e-07 )
bones/54/enabled = true
bones/54/bound_children = [  ]
bones/55/name = "mixamorig_right_foot"
bones/55/parent = 54
bones/55/rest = Transform( 0.987938, -0.135272, -0.0753637, -4.84288e-07, 0.486688, -0.873576, 0.154849, 0.863039, 0.480817, -1.75554e-07, 37.5777, -4.76837e-07 )
bones/55/enabled = true
bones/55/bound_children = [  ]
bones/56/name = "mixamorig_right_toe_base"
bones/56/parent = 55
bones/56/rest = Transform( 0.996841, 0.0431742, 0.0666657, 2.98023e-08, 0.839354, -0.543585, -0.079425, 0.541868, 0.836702, 3.22983e-06, 12.8799, 4.05312e-06 )
bones/56/enabled = true
bones/56/bound_children = [  ]
bones/57/name = "mixamorig_right_toe_end"
bones/57/parent = 56
bones/57/rest = Transform( 1, 9.02219e-09, -1.47207e-07, -9.02219e-09, 1, 5.82077e-09, 1.47207e-07, -5.82077e-09, 1, 9.70438e-07, 4.97618, -1.93715e-06 )
bones/57/enabled = true
bones/57/bound_children = [  ]

[node name="SwordTwoHanded" parent="Armature/Skeleton" instance=ExtResource( 1 )]

[node name="AnimationPlayer" type="AnimationPlayer" parent="."]
